#Route_name_with_direction frequency(s) Origin_node Destination_node [list of stop_nodeID]
1S 600 725 2068 729 236 733 108 24 59 56 1 1915 214 1241 1242 1221 1247 592 794 797 796 817 814 819 135 1258 1257 1256 1260 1261 834 832 1286 1288 836 870 227 868 866 1301 1292 892 865 1313 1312 902 898 1324 908 533 1351 1344 1335 1339 1337 1916 1338 923 921 1362 1363 1358 1366 1361 1367 924 232 958 956 960 955 1022 983 980 495 1001 496 1007 1009 1008 1030 1003 1043 1041 1057 219 1084 1082 1441 1088 1106 1087 1104 1458 1086 1115 1109 1138 1135 1503 1505 1172 429 1162 1133 1161 1160 1158 1494 1490 436 126
9E 1800 107 1988 918 532 1350 533 1914 35 1328 19 6 36 94 1333 230 17 919
9W 1800 229 1983 919 17 230 1331 94 36 136 19 1328 35 917 533 1350 532 918
28E 1200 975 2010 976 977 955 973 1409 1404 971 1403 1405 974 962 987 986
28W 1200 984 2007 986 987 962 974 1405 1403 971 1404 1409 973 955 977 976
32S 1800 778 2081 777 780 782 789 786 829 1230 1235 1227 828 134 1284 1280 851 849 848 1273 880 882 1278 1277 854 18 1300 1294 1296 873 872 1322 1317 1318 897 230 929 927 1381 1382 931 926 1383 1377 1378 1376 1379 933 515 1393 1396 1402 1397 1394 1395 964 962 1414 1415 1412 1416 695 961 1423 1422 1012 1010 1432 1433 1431 1037 501 1438 1435 1439 1437 82 1050 1053 1466 1075 1467 1468 1465 699 1090 1130 1463 1461 1464 1149 1127 1148 1147 1173 1195 1194 1176 1178 442 1181 1180 1174
33E 1800 1139 2056 1153 1152 1138 1151 1137 1150 1141 1479 1477 1480 1478 1146 1140 1127 1145 1144 1485 1143 1486 1204 1203 1202 1209
33W 1800 1142 2051 1209 1202 1203 1204 1486 1143 1485 1144 1145 1127 1140 1146 1478 1480 1477 1479 1141 1150 1137 1151 1138 1152 1153
34S 1200 1062 2072 1070 1066 30 1069 1063 1067 1201 1207 1205 1472 1474 1471 1473 1206 1203 1186 1212 1213 1191 1192 1184 1190 1189
34N 1200 1185 1064 1189 1190 1184 1192 1191 1213 1212 1186 1203 1206 1473 1471 1474 1472 1205 1207 1201 1446 1063 1071 1068 30 1065
35E 1800 1089 2044 1091 1092 1087 1097 1096 1098 1094 1095 1452 1093 1451 1449 1128 1090 1129 1131 1455 1132 1201 1200 1208
35W 1800 1126 2039 1208 1200 1201 1132 1455 1131 1129 1090 1128 1449 1451 1093 1452 1095 1094 1098 1096 1097 1087 1092 1091
39E 1800 1038 2025 1039 1040 1003 1045 1434 1044 501 1048 1047
39W 1800 1046 2022 1047 1048 501 1044 1434 1045 1003 1040 1039
41E 1800 990 2017 991 992 999 998 496 1002 988 1006 490 478 480 477 1013 961 1014 1024 1016
41W 1800 489 2014 1016 1024 1014 961 1013 477 487 479 478 490 1006 988 1002 496 998 999 992 991
